>GGGCGG	V_SP1_Q6	7
0.296296	0.194444	0.324074	0.185185
0.222222	0.185185	0.518519	0.074074
0.129630	0.092593	0.601852	0.175926
0.157407	0.009259	0.824074	0.009259
0.000000	0.000000	1.000000	0.000000
0.000000	0.018519	0.981481	0.000000
0.175926	0.740741	0.000000	0.083333
0.018519	0.046296	0.916667	0.018519
0.000000	0.009259	0.916667	0.074074
0.194444	0.046296	0.703704	0.055556
0.157407	0.092593	0.666667	0.083333
0.027778	0.509259	0.194444	0.268519
0.083333	0.370370	0.296296	0.250000
